-79.1342027350039

-79.2056365425735

-79.2852263665683

-79.3594419879435

-79.4186745898483

-79.4557210340865

-79.4690352248921

-79.4628288613036

-79.4407346903467

-79.4054798304654

-79.3627442882664

-79.3202599308444

-79.2874808932784

-79.2750377555948

-79.2852234908286

-79.3136734944017

-79.3555033874542

-79.4042428836654

-79.4535820837779

-79.5023997738681

-79.5480683595197

-79.5847787422153

-79.6109343567758

-79.622190531982

-79.6104494520502

-79.5761831278045

-79.5333183439857

-79.4939678584715

-79.4546597332158

-79.4097727906862

-79.3739568816677

-79.3612846714252

-79.3573197096323

-79.3491447771614

-79.3482560598332

-79.3668669069735

-79.3998107025438

-79.433924774152

-79.4583701011215

-79.4632373052299

-79.4352485938174

-79.3706450700992

-79.2862355492566

-79.2048516751801

-79.1434061714364

-79.1114732826705

-79.113425905453

-79.142228355926

-79.1788825108686

-79.2096521878188

-79.2385397306839

-79.2747307832261

-79.3115387403453

-79.3403434422641

-79.3712267932996

-79.4121988647592

-79.4433004013803

-79.4475267757891

-79.4407883410893

-79.4423786248469

-79.448847449274

-79.4485541527497

-79.4387980774146

-79.4185892508526

-79.3859692291259

-79.3474469372894

-79.3215360146863

-79.3223454800691

-79.3459101492452

-79.382088517852

-79.4252312636433

-79.4690052243499

-79.5022976580487

-79.5148796592613

-79.500345490684

-79.4623568851144

-79.4131590118093

-79.36618289593

-79.335676937611

-79.3281456896553

-79.3352822548162

-79.3445552972023

-79.3491363462995

-79.3493471227572

-79.360112259738

-79.3942567607875

-79.4381069465049

-79.4710644092097

-79.4901398744101

-79.4970882354747

-79.4881395931982

-79.4710223888799

-79.4701750656587

-79.5029990808868

-79.5570652730784

-79.6087499578368

-79.6462231851613

-79.6667200592858

-79.6726003092706

-79.6710530219668

-79.6712422993069

-79.6767443747507

-79.6875580995038

-79.7013214926384

-79.7150739628437

-79.7290750290167

-79.7418760213047

-79.7455382063744

-79.7281935302151

-79.683790353427

-79.6200436071915

-79.5576316866581

-79.5185818406614

-79.5131161246177

-79.5311492958558

-79.5558819962437

-79.5821626544297

-79.6075029604312

-79.622103515842

-79.6193547724751

-79.6037696165931

-79.5828805184941

-79.5643560475666

-79.5497310240881

-79.5308091380246

-79.5019731875322

-79.4682149513694

-79.4389059937962

-79.4208194886928

-79.4197277913268

-79.4396237390601

-79.4840973039924

-79.5553515140082

-79.6469860982961

-79.7392707300439

-79.8104871771389

-79.8498364810822

-79.8548424668064

-79.8312644478345

-79.7918790662925

-79.7520296293968

-79.7248468091182

-79.71742616629

-79.7276260118602

-79.7460007710927

-79.7587951656453

-79.7510331901602

-79.7161405182995

-79.65938614946

-79.5955811300256

-79.5431564047529

-79.5147135816259

-79.5089348028796

-79.5190788506183

-79.5429339749742

-79.5791788710116

-79.6246594780881

-79.6746328782382

-79.724601088403

-79.768439507361

-79.7981359615574

-79.8058018237501

-79.7883247053581

-79.7499125136769

-79.7024015592464

-79.6616811961449

-79.6383310661578

-79.6369771449487

-79.6542882965717

-79.6827835350964

-79.7206816900937

-79.7666485036045

-79.8101222589123

-79.8414700172497

-79.8601854157734

-79.8670460667029

-79.8631208741464

-79.8539543744872

-79.8514320609266

-79.8615399681049

-79.8722164164

-79.8676452545348

-79.8493456233618

-79.8274308179399

-79.8032788732304

-79.7816731689134

-79.7829131512116

-79.8203082066101

-79.8776800427665

-79.9358229081375

-79.9958730751431

-80.0575598755042

-80.0996835725695

-80.1051957287578

-80.0887855479944

-80.0702398937125

-80.0453636262356

-80.0066254025658

-79.9669939518158

-79.9382766297852

-79.9125380574131

-79.8861738662526

-79.8793565958669

-79.9074061635669

-79.9521707881615

-79.9904722980615

-80.0211665186547

-80.0523533353777

-80.086586932827

-80.1245637150365

-80.1664053268469

-80.2046379303864

-80.2234707130185

-80.2098754143688

-80.1647863908647

-80.0995124420999

-80.031084364157

-79.9738001513902

-79.9311950929686

-79.9039936708869

-79.8996686947621

-79.9235365595856

-79.9693602460552

-80.0264566790231

-80.0859248757399

-80.1398621408395

-80.1793518915902

-80.1999072640762

-80.2031349403913

-80.1973374924834

-80.197021354352

-80.2090389528763

-80.2217058906773

-80.2186949382523

-80.1980727405967

-80.1663685350399

-80.1301153234002

-80.0944074539391

-80.0623614645654

-80.035777754254

-80.0176071384059

-80.010084418163

-80.0072698198771

-80.001025112952

-79.989088208116

-79.9740259354033

-79.9583728275568

-79.9462555111959

-79.9412813469934

-79.9411103997939

-79.9396438750009

-79.9326695230265

-79.9244323334381

-79.9228285847876

-79.9300469713918

-79.9455746992441

-79.9763990624253

-80.025425563739

-80.0790934865048

-80.1237198807266

-80.1588062192261

-80.1875345228949

-80.205973568329

-80.2127576174561

-80.2177819202446

-80.2302515862521

-80.2461416285183

-80.2584268414151

-80.2671905848075

-80.2752965380351

-80.2850210891379

-80.2975331130289

-80.3125053334689

-80.3265789502503

-80.3376689046065

-80.3449723416069

-80.3474742987265

-80.3445779855081

-80.3363100598268

-80.3237817611875

-80.3063592297428

-80.2842162788342

-80.2606782183601

-80.2369360505666

-80.2079177305418

-80.1741851802672

-80.1478630682006

-80.1409456938462

-80.1540795223466

-80.1788502130428

-80.2079094321253

-80.2338886845166

-80.2520641177715

-80.263256938693

-80.2681420980102

-80.2670175319702

-80.2636203632627

-80.2599538914394

-80.2572120625837

-80.2582333494467

-80.258111821709

-80.2515683391565

-80.2430089207372

-80.2389781031582

-80.240872595298

-80.2501431910629

-80.2695819836178

-80.2971027045863

-80.324337401795

-80.3411175889428

-80.3453100400258

-80.3403605744591

-80.3267060641842

-80.3088422698693

-80.3019106148918

-80.3061563147833

-80.2941994697356

-80.2454906714144

-80.1721345598628

-80.1081409573798

-80.0853693328745

-80.1192309740005

-80.2033488883018

-80.3085818095056

-80.3905547555931

-80.418779468091

-80.3978878884602

-80.3534586490237

-80.3109014272202

-80.2818312804654

-80.2611070320277

-80.2352158532113

-80.1940050089168

-80.1396225117618

-80.0912249299167

-80.0687911151746

-80.0728853047033

-80.0922102240723

-80.1135455428876

-80.1237148422452

-80.1166218090782

-80.0975969348506

-80.0763319636137

-80.0630673316103

-80.0643547738623

-80.0767571414061

-80.0888116920733

-80.0915884739742

-80.0914192009974

-80.1023523844203

-80.1297574667174

-80.1683643535365

-80.2080710565173

-80.2332343941051

-80.2279079416864

-80.1902999985108

-80.1374629456029

-80.0904329324169

-80.0576900426693

-80.0412230334874

-80.0438846888707

-80.0702498473634

-80.1240497201871

-80.2046651761395

-80.3043381833037

-80.4052288755501

-80.4844765442328

-80.5234939646991

-80.5197912873707

-80.4855156346242

-80.4365677708331

-80.3891236447481

-80.3566299595386

-80.3387895182893

-80.3213891383777

-80.293259963178

-80.255576505366

-80.2185828306936

-80.1905629067394

-80.1742961475811

-80.1705726454812

-80.1789452056283

-80.1947341775009

-80.2140110708117

-80.2401583316361

-80.2729324766185

-80.3052659454755

-80.3301017485716

-80.3419982222923

-80.3389080303195

-80.3248736278845

-80.3050723759431

-80.2822171657583

-80.2597311382053

-80.2405385409807

-80.2259373525454

-80.2177795438756

-80.2154252010189

-80.2099999486428

-80.1989003885889

-80.1975787505292

-80.2199378226228

-80.2583680733148

-80.3000450158149

-80.3466712961391

-80.3964287724574

-80.4317495811338

-80.437760446418

-80.4190179976963

-80.3908329559801

-80.3668144015131

-80.3560677190034

-80.3608423313986

-80.3761383054821

-80.3928794098458

-80.4052751912037

-80.411950221501

-80.4156698261835

-80.4221582685568

-80.4358214216945

-80.4545731101654

-80.4713704960677

-80.4802200069416

-80.4758633989985

-80.457638751528

-80.432190214643

-80.4096579763761

-80.3979242178288

-80.3996349320253

-80.4057863503299

-80.3968196106259

-80.3610998047723

-80.3043099009847

-80.2415810028772

-80.1849799214458

-80.1410612628497

-80.1135633296886

-80.1043706971389

-80.1133433198156

-80.1376169147664

-80.1715204637918

-80.2104312997174

-80.2550791272141

-80.3067375984939

-80.3607604670695

-80.4059327613576

-80.4315906478174

-80.4312465895938

-80.4032609167137

-80.3567162443466

-80.3154180001668

-80.2981071917988

-80.2990291847353

-80.3073654561285

-80.3224844608914

-80.3437163992034

-80.3616905366663

-80.3683550367151

-80.368920100593

-80.3703786167941

-80.3661750221118

-80.3490672782714

-80.3277003615877

-80.3118326163369

-80.3000595467078

-80.2876875607701

-80.2740706123561

-80.2581545958867

-80.2374333443772

-80.2133653072369

-80.1866099430475

-80.1576041414048

-80.1315435506043

-80.1139333890074

-80.1091011266425

-80.1240942950086

-80.1628872486643

-80.2246867998794

-80.3034562656647

-80.381449517915

-80.4346679981555

-80.4451291336875

-80.4103162105176

-80.344259916709

-80.2711093531101

-80.2096362395086

-80.1657658200265

-80.139875756525

-80.1328444651741

-80.1481951362388

-80.1886202017728

-80.2538177599956

-80.3403287974043

-80.4387059047295

-80.5314711528368

-80.5995002879743

-80.6268090464269

-80.604839553269

-80.5408890830369

-80.4549959872793

-80.3705513250762

-80.3086683582662

-80.2855778268073

-80.3035556390933

-80.3442652176647

-80.3810008429476

-80.3956179057688

-80.3777747094581

-80.3252101730002

-80.2554702334415

-80.2011901557243

-80.1875345228949

-80.2121128313097

-80.257104551638

-80.3094744769949

-80.3592552571199

-80.3981120620253

-80.4206598516065

-80.421227196876

-80.3973227582141

-80.3573231489641

-80.3142786974388

-80.2767082860283

-80.24608820889

-80.2173680555684

-80.1831528700938

-80.1413573981374

-80.0952178884719

-80.0477497882697

-80.0043284630869

-79.9705038435977

-79.9543638847922

-79.9702707601957

-80.0235727483612

-80.0986877186331

-80.1777069322376

-80.2596647543526

-80.345077155818

-80.4181469095361

-80.4598002684657

-80.4669833232759

-80.445076548261

-80.3989440411441

-80.3403426489125

-80.2902775405379

-80.2627766885546

-80.2515403984073

-80.2476312642514

-80.2560267915814

-80.2805568967279

-80.3062424110086

-80.3169956157849

-80.3167350711836

-80.3171803971685

-80.3226094263486

-80.3345325609738

-80.3580528554748

-80.3895665670478

-80.4088413251449

-80.3998612608872

-80.3712840783976

-80.341242276751

-80.3207401887015

-80.3161747303893

-80.3286343473961

-80.3536057583792

-80.3840540640678

-80.4146216169719

-80.4434784219874

-80.4699977167327

-80.4901842887686

-80.496441331234

-80.4813788602085

-80.4416327547543

-80.3814840649306

-80.3136097545572

-80.2552740766817

-80.2204644818134

-80.216410971312

-80.2387428919017

-80.270374064103

-80.2939616517813

-80.3052550342286

-80.3084625044622

-80.3044242434928

-80.29792443045

-80.3054510367298

-80.3380992805302

-80.3838532473988

-80.4240430231718

-80.4547931182434

-80.4760895322845

-80.4781980142071

-80.4595104966086

-80.4396699090804

-80.4339369612026

-80.4345085416757

-80.4301085210521

-80.4278228860733

-80.4377175327443

-80.4556326811323

-80.4739728306938

-80.4878006545174

-80.4893995770518

-80.4684566907471

-80.4181004564082

-80.3431607198214

-80.2608650191094

-80.1888948113912

-80.1413959244489

-80.1257256605995

-80.135128026992

-80.152499507029

-80.1625700887496

-80.1639038025449

-80.1635458889869

-80.1642781764831

-80.1667325528011

-80.1779800677445

-80.2003230183251

-80.2191109103141

-80.2248308013995

-80.2322722177269

-80.254142053755

-80.2788603082612

-80.2956572961989

-80.3140596194464

-80.3452133772887

-80.3795572548129

-80.401507456085

-80.4124273726018

-80.4171088835886

-80.4105683530395

-80.3929103366698

-80.3765285542311

-80.3703076483984

-80.3740258199981

-80.3826950292038

-80.3890185860866

-80.3886947742011

-80.382630441403

-80.3707351172048

-80.3475852945034

-80.3131870616984

-80.2794279066366

-80.2586847108471

-80.2533421463261

-80.2616371074359

-80.2857471954154

-80.3280708443192

-80.3832204064263

-80.4404944630307

-80.4925198663478

-80.528053480542

-80.5302482099814

-80.4953468483444

-80.4414834672667

-80.392044881114

-80.3582087111516

-80.3426560631079

-80.348440301912

-80.3731440052885

-80.4035473729098

-80.4286377098099

-80.4494441423768

-80.4704586199378

-80.4894455342268

-80.5054166078322

-80.5252744293205

-80.5534798889443

-80.5842232620416

-80.6063851363379

-80.6130509963978

-80.6027331801272

-80.5773992448125

-80.5440816108849

-80.5143273568185

-80.493769369739

-80.4762303461344

-80.4530124602875

-80.4190113601735

-80.3735298798235

-80.3231941339367

-80.2789257811465

-80.2461767104227

-80.2277304924985

-80.2263440978135

-80.2417367167172

-80.2745047631514

-80.3238385801926

-80.3805398787243

-80.4287869721528

-80.4544718934622

-80.4468927835857

-80.4034274971666

-80.3381326700383

-80.2787169140402

-80.2505490173125

-80.2618035444572

-80.3051176356873

-80.3648420548384

-80.4229753518789

-80.4660765613953

-80.4918186815078

-80.5045436730211

-80.5079534727754

-80.5022066964039

-80.482554861119

-80.4461793061575

-80.3956509151968

-80.3376908906114

-80.2818148007111

-80.2362542538525

-80.2062670529958

-80.1972306651789

-80.210453046323

-80.2367872713253

-80.2653178146057

-80.292605532167

-80.3169895375834

-80.3303232631555

-80.3296522509498

-80.3276248064895

-80.3342880490324

-80.3402000619717

-80.3335611039867

-80.3178365156414

-80.2982673664571

-80.271254100235

-80.2344858204814

-80.199162634888

-80.1800609352179

-80.1782508655926

-80.1905251225416

-80.2220507894572

-80.2707545225344

-80.3163319264397

-80.3438501316351

-80.3613200405333

-80.3788288587424

-80.388656050223

-80.3806537788028

-80.3555014630205

-80.3197572146439

-80.2818738869493

-80.2523264003635

-80.2429053460495

-80.2578903621425

-80.2880381422836

-80.3192714869961

-80.3455763835082

-80.3635893648053

-80.3632789108546

-80.3379828264499

-80.2952343309949

-80.2477189996322

-80.201917374834

-80.1634958225567

-80.1392479233136

-80.1307686237404

-80.1347569344801

-80.1460087090069

-80.1562821228335

-80.1602493864515

-80.1598663708762

-80.157109655443

-80.1533770489129

-80.1519271908545

-80.1576080475212

-80.1734120167709

-80.1954240655619

-80.2139738734898

-80.2204038473668

-80.2093255295266

-80.1785464077309

-80.1344853381729

-80.0915123003182

-80.0615013561304

-80.0455071320374

-80.037658203278

-80.0315279009947

-80.0215950366612

-80.0024563567026

-79.9714849513281

-79.9314794825383

-79.8842628659228

-79.8274000466969

-79.7606221466657

-79.6928675018257

-79.6362340018914

-79.5970344665996

-79.5775373647777

-79.5780958584854

-79.5941814576082

-79.6146635261654

-79.6333606726848

-79.6563401537016

-79.690195328395

-79.7307475728628

-79.7687970110066

-79.8015544160938

